18215
17634
19219
17751
15415
80453
218020
18889
342546
36310
22851
17639
312215
11287
13214
19208
67408
170153
18696
82641
71199
29711
25868
16090
16969
21964
32792
50730
61313
93493
173829
72593
35351
166862
11537
14163
43958
165464
21505
27686
22308
63622
20420
24318
53247
26967
232964
21482
11354
17178
165059
67739
40286
29819
70480
17803
12736
45211
64056
13026
22979
19807
13572
36896
16749
36849
22535
304962
19759
80687
26631
15983
335586
72532
18121
32436
232489
14072
32866
18661
19840
25755
349386
11946
172258
14665
165182
55864
54384
172530
27731
27785
55750
17048
25659
57796
23388
10527
28735
72335
52680
48254
375097
105755
221229
51874
19044
21529
13086
45038
47180
21814
21494
172370
218682
93645
383151
11173
164997
12628
39074
170277
11978
80990
22472
11231
13003
231929
16975
32672
27618
57836
345860
49779
165933
383282
73045
71106
382805
313618
528915
343779
383446
72353
23522
24550
33897
65338
383136
223228
56428
340709
22699
32408
66329
22192
20899
35781
33366
383588
87592
383235
309903
47430
63959
28187
34050
15733
12993
13754
14148
30497
27905
165525
43584
83513
225109
36375
175833
48644
344161
345942
165052
19218
28441
15610
21628
29803
44399
11192
36293
22045
13045
46408
371948
12368
51512
33107
14407
19369
33388
17724
42175
94368
20533
45164
80168
304769
51464
21697
81201
21501
168639
33051
14198
80473
25347
63628
22785
222135
36866
37750
39173
529098
383476
320990
225752
36586
164549
37164
12244
340418
383526
383553
12249
230811
15886
22193
40600
21878
371856
81342
314299
32979
372280
167034
36729
16968
31894
66981
50359
13233
27928
94252
13296
383500
27688
18120
225751
19753
219660
315698
17955
167566
13490
25004
58446
28334
19152
51793
41250
23490
171330
333249
45013
175935
36669
43795
168755
371857
70757
27844
33074
314823
36674
17570
44832
51684
94661
40485
55185
80047
86353
24858
339422
51841
22447
11492
70773
50744
20542
27787
34077
81728
18670
310136
43268
44578
33302
346645
35549
20768
19387
20936
38680
167201
24127
25114
27303
51864
334770
69917
170863
12645
229967
20986
24067
27092
31543
371693
25136
35498
45621
383329
72215
58368
309588
83609
88522
29539
231893
305219
16350
223322
383186
82385
383510
201212
335668
37511
21953
21458
371913
308274
21385
88139
80643
36429
20701
51613
44744
17785
49127
12569
68332
29382
383451
15776
254176
51409
371862
41713
32556
223873
20742
40340
166609
16806
16074
15573
53516
66761
10899
18055
318810
18154
25482
174756
15793
383558
320797
63295
53158
36946
72095
55010
20015
31191
36325
325985
383220
230312
12734
29227
371848
47432
27207
22869
308771
312368
36845
47231
13295
15964
20595
22453
69128
14929
24492
345720
31189
88344
383169
26501
13332
26810
83233
69170
56385
383287
68018
20857
173523
73144
17213
11318
383595
81268
383269
80725
383618
66903
25849
66215
168251
11996
41805
383150
383531
62233
341933
342597
383381
383310
28146
70108
224276
31123
21248
232693
81544
51728
15857
12828
10949
52045
371863
45498
531024
17718
21651
85069
343502
310196
32219
42810
391428
85411
13581
34338
82510
14064
14137
94946
383339
383180
68337
50105
331225
43646
37392
383245
20012
54582
30586
21162
21656
62860
211773
51838
27642
17557
13684
68509
16914
41230
71844
64645
13564
382729
54654
26652
50567
24957
228991
54925
533933
28824
13133
337719
24398
82099
383322
67820
61466
309612
21893
41496
33892
55078
383600
529286
38551
171493
22482
10864
21150
32905
52545
29198
12680
20230
16873
19739
38697
325092
38895
305265
30472
13816
337899
13788
68302
38844
31946
227636
59780
29419
73760
16747
383142
18461
70714
223599
383143
72287
530255
50402
19644
57995
25030
51701
18641
15975
383627
223750
42634
13186
530811
94215
27184
305600
165150
56839
392180
48565
52294
383386
30959
10858
28325
335513
36930
28983
383594
10630
69915
24174
52214
308261
72310
530036
56814
37409
13674
370931
14261
66818
70563
22233
42002
80852
40353
11729
25222
167128
28655
29435
28932
84505
36901
14030
332084
71118
40389
169283
52200
66762
19933
41364
62882
383239
27533
170864
308429
325772
24048
48381
59121
383605
70384
33618
82687
11064
42940
36438
15338
39498
20138
10779
327114
20838
337735
11190
320511
47810
19076
58269
254471
62086
40774
19890
221437
31256
383632
36517
39204
43531
45200
14218
18092
40171
12302
17460
14594
25473
218216
81314
20959
223604
28028
50645
223013
44300
41724
173199
529826
334566
19940
14098
383583
28237
311940
225271
53941
31475
57837
34394
24468
371852
229963
83196
225612
359697
22798
67777
20368
346267
20760
230598
24200
315842
30817
334703
168156
81790
29169
36084
54687
71771
84981
307915
30104
165796
30078
15157
45941
85233
383593
383201
392192
39208
165893
59390
81831
175915
50632
168114
55300
16370
383577
81326
62285
11830
21007
35806
26703
49700
21832
18300
221284
86995
335789
28164
336549
85630
27761
40568
49621
170887
383424
56637
23888
66032
34492
170191
12542
54388
383309
383359
55421
224537
58567
16970
13619
25171
174735
30751
19146
18598
30016
28633
34445
54762
20278
48719
222413
64576
335373
18613
336071
35898
383198
82642
32802
92386
83692
349144
171799
530233
20478
330667
30264
88269
27342
42206
166187
18446
70051
17141
310215
53662
67241
29912
11607
59130
173044
20835
53043
170590
27804
305464
64378
11995
19961
25314
68517
54178
12615
81164
38133
18449
18057
32023
70192
11580
33289
338253
25996
32153
24691
17822
57319
371865
194749
330824
35152
530236
167231
24079
94271
65872
164834
16384
224642
52305
392630
39603
43940
345191
370705
26110
56575
27699
231703
13587
49054
223533
47671
66579
67208
16456
312325
332529
45103
70638
348713
314141
68824
28853
321791
165095
83157
335630
25067
34042
61898
224768
50528
334251
305284
54999
15696
14585
28404
52939
336944
14593
383392
26898
80689
67503
10907
383190
44164
383873
25864
38881
20342
530509
220377
313119
173569
82232
13297
12036
20599
25155
50733
32868
37735
48143
383346
69153
331235
66206
15874
10785
27056
15727
24457
167786
12879
383564
51494
383613
56111
36653
73264
335623
201340
34057
39049
20574
60317
80683
311365
41981
30131
54562
93231
32379
227563
10698
65758
83438
94633
16242
529812
220859
312690
12764
17926
14042
325785
23570
218567
254109
531211
20312
12966
39013
219466
47631
93678
20878
33240
11892
12315
66650
10759
392675
25220
59401
254030
254353
320209
528576
166157
23362
55674
310898
219296
17280
32278
13891
88286
21135
40464
315407
45505
21493
15464
17027
11740
22240
26560
64022
313108
220359
28965
171342
80507
23726
334399
84068
383598
56799
81700
62873
33576
232900
228997
19748
61397
53770
35677
73023
96189
38696
48908
24435
55666
63680
69454
72931
83774
70112
33332
223851
383404
61796
33248
383333
310120
14289
48317
375095
20482
85649
217221
30930
64824
37332
10583
383244
330160
39627
48679
53844
66491
354896
62476
47397
21404
166920
25929
18579
30556
45951
84840
311864
37355
383582
12578
34967
55602
308627
383599
27889
311700
342850
25873
41680
49142
82802
19828
51120
371155
28571
18235
383484
383304
41362
12277
18259
83479
346822
230556
82045
225507
54835
51264
54130
347422
343476
315867
63721
20480
334622
383423
64302
90960
21599
94704
49634
166206
371200
14410
84306
383340
12109
311315
22705
27845
65693
39023
345900
21441
383557
530464
36018
81643
11907
25577
57710
30433
70341
28981
304719
65456
339656
61507
11656
59482
81030
37733
169509
39545
337787
31683
392438
49611
57382
33454
19445
60885
165676
194449
309860
11508
20177
70293
379278
17457
24038
383286
201502
62439
64982
330283
42548
36749
17343
53465
383514
25362
383277
333026
61856
28431
14662
67192
314137
55462
32093
345706
10530
42275
164633
16224
325901
308411
87452
31813
48841
82676
224036
30940
91888
37042
14318
70135
11838
41985
335877
201320
166839
383462
53321
20817
87697
27883
28675
39133
26251
36747
24618
29438
58329
31771
30925
64387
70270
28196
31216
27105
22713
73949
342837
30211
218317
68613
39330
20200
63048
22222
10746
29870
31809
29110
332681
81124
32236
82191
254355
44856
32053
52107
81552
392593
80646
62461
24786
112821
533705
16227
338330
20456
328233
167421
37532
232170
83087
33436
26335
308759
219330
26738
319722
230889
304654
17252
58453
26004
73329
15139
95399
73385
86321
41726
52967
28813
12434
54298
313258
66614
50173
54875
91330
36171
26553
22874
28566
41493
33460
67951
383568
13981
17893
340373
348021
66814